   1.0000000e+03
   1.0000000e+03
   0.0000000e+00
   0.0000000e+00
   1.0000000e+03
   1.0000000e+03
   0.0000000e+00
   2.5000000e+02
   1.0000000e+03
   2.0000000e+02
   5.0000000e+01
   9.6700000e+02   5.4700000e+02   3.3000000e+01   2.8500000e+02
   6.9700000e+02   0.0000000e+00   3.0300000e+02   5.0000000e+01
   2.5200000e+02   4.3400000e+02   3.1100000e+02   7.9000000e+01
   0.0000000e+00   3.8600000e+02   1.7000000e+01   3.8200000e+02
   4.3600000e+02   9.4800000e+02   3.1400000e+02   5.2000000e+01
   1.0000000e+02   7.5000000e+01   2.4000000e+02   2.0000000e+02
   7.3300000e+02   4.0800000e+02   2.1100000e+02   3.7500000e+02
   5.2100000e+02   1.0800000e+02   6.3000000e+01   2.1800000e+02
   5.2400000e+02   6.3700000e+02   1.6000000e+02   2.5900000e+02
   1.0000000e+02   6.0000000e+02   2.0000000e+02   2.0000000e+02
